{
    "((451.0, 557.0), (1245.0, 557.0), (451.0, 605.0), (1245.0, 605.0))": "은행명",
    "((451.0, 607.0), (1246.0, 607.0), (451.0, 654.0), (1246.0, 654.0))": "조회자(사번)",
    "((1573.0, 557.0), (2361.0, 557.0), (1573.0, 655.0), (2361.0, 655.0))": "조회일시",
    "((451.0, 757.0), (1244.0, 757.0), (451.0, 812.0), (1244.0, 812.0))": "성명",
    "((451.0, 813.0), (1243.0, 813.0), (451.0, 867.0), (1243.0, 867.0))": "요청일자",
    "((451.0, 869.0), (1244.0, 869.0), (451.0, 924.0), (1244.0, 924.0))": "인증번호",
    "((1571.0, 759.0), (2365.0, 759.0), (1571.0, 812.0), (2365.0, 812.0))": "주민등록번호",
    "((1571.0, 813.0), (2365.0, 813.0), (1571.0, 867.0), (2365.0, 867.0))": "응답코드",
    "((1570.0, 870.0), (2365.0, 870.0), (1570.0, 923.0), (2365.0, 923.0))": "한신정 성명",
    "((1245.0, 925.0), (2366.0, 925.0), (1245.0, 979.0), (2366.0, 979.0))": "최종 주민등록번호",
    "((451.0, 1114.0), (1243.0, 1114.0), (451.0, 1166.0), (1243.0, 1166.0))": "신용평점",
    "((451.0, 1167.0), (1245.0, 1167.0), (451.0, 1222.0), (1245.0, 1222.0))": "등급별불량율",
    "((1571.0, 1114.0), (2362.0, 1114.0), (1571.0, 1165.0), (2362.0, 1165.0))": "신용등급",
    "((1570.0, 1167.0), (2361.0, 1167.0), (1570.0, 1219.0), (2361.0, 1219.0))": "누적순위",
    "((130.0, 1702.0), (441.0, 1702.0), (130.0, 1753.0), (441.0, 1753.0))": "평점정보 내역 - 사유구분 1",
    "((442.0, 1703.0), (668.0, 1703.0), (442.0, 1754.0), (668.0, 1754.0))": "평점정보 내역 - 사유코드 1",
    "((668.0, 1703.0), (2362.0, 1703.0), (668.0, 1752.0), (2362.0, 1752.0))": "평점정보 내역 - 사유설명 1",
    "((130.0, 1755.0), (441.0, 1755.0), (130.0, 1803.0), (441.0, 1803.0))": "평점정보 내역 - 사유구분 2",
    "((130.0, 1806.0), (441.0, 1806.0), (130.0, 1854.0), (441.0, 1854.0))": "평점정보 내역 - 사유구분 3",
    "((130.0, 1855.0), (441.0, 1855.0), (130.0, 1907.0), (441.0, 1907.0))": "평점정보 내역 - 사유구분 4",
    "((129.0, 1907.0), (441.0, 1907.0), (129.0, 1957.0), (441.0, 1957.0))": "평점정보 내역 - 사유구분 5",
    "((130.0, 1957.0), (443.0, 1957.0), (130.0, 2006.0), (443.0, 2006.0))": "평점정보 내역 - 사유구분 6",
    "((441.0, 1753.0), (669.0, 1753.0), (441.0, 1803.0), (669.0, 1803.0))": "평점정보 내역 - 사유코드 2",
    "((441.0, 1805.0), (667.0, 1805.0), (441.0, 1854.0), (667.0, 1854.0))": "평점정보 내역 - 사유코드 3",
    "((441.0, 1855.0), (669.0, 1855.0), (441.0, 1906.0), (669.0, 1906.0))": "평점정보 내역 - 사유코드 4",
    "((442.0, 1906.0), (668.0, 1906.0), (442.0, 1957.0), (668.0, 1957.0))": "평점정보 내역 - 사유코드 5",
    "((442.0, 1957.0), (668.0, 1957.0), (442.0, 2006.0), (668.0, 2006.0))": "평점정보 내역 - 사유코드 6",
    "((669.0, 1754.0), (2362.0, 1754.0), (669.0, 1804.0), (2362.0, 1804.0))": "평점정보 내역 - 사유설명 2",
    "((669.0, 1804.0), (2362.0, 1804.0), (669.0, 1856.0), (2362.0, 1856.0))": "평점정보 내역 - 사유설명 3",
    "((669.0, 1854.0), (2361.0, 1854.0), (669.0, 1907.0), (2361.0, 1907.0))": "평점정보 내역 - 사유설명 4",
    "((669.0, 1904.0), (2363.0, 1904.0), (669.0, 1957.0), (2363.0, 1957.0))": "평점정보 내역 - 사유설명 5",
    "((668.0, 1956.0), (2363.0, 1956.0), (668.0, 2006.0), (2363.0, 2006.0))": "평점정보 내역 - 사유설명 6",
    "((760.0, 2439.0), (1081.0, 2439.0), (760.0, 2493.0), (1081.0, 2493.0))": "신용관리대상 총건수",
    "((1402.0, 2438.0), (1723.0, 2438.0), (1402.0, 2493.0), (1723.0, 2493.0))": "신용관리대상 총금액",
    "((2043.0, 2440.0), (2362.0, 2440.0), (2043.0, 2492.0), (2362.0, 2492.0))": "신용관리대상 최근발생일",
    "((761.0, 2494.0), (1080.0, 2494.0), (761.0, 2550.0), (1080.0, 2550.0))": "신용관리대상 미해제총건수",
    "((1402.0, 2495.0), (1721.0, 2495.0), (1402.0, 2549.0), (1721.0, 2549.0))": "신용관리대상 미해제총금액",
    "((2043.0, 2494.0), (2363.0, 2494.0), (2043.0, 2548.0), (2363.0, 2548.0))": "신용관리대상 최근해제일",
    "((762.0, 2550.0), (1081.0, 2550.0), (762.0, 2603.0), (1081.0, 2603.0))": "공공기록 총건수",
    "((1402.0, 2549.0), (1721.0, 2549.0), (1402.0, 2602.0), (1721.0, 2602.0))": "공공기록 총금액",
    "((2042.0, 2550.0), (2362.0, 2550.0), (2042.0, 2602.0), (2362.0, 2602.0))": "공공기록 최근발생일",
    "((492.0, 3014.0), (866.0, 3014.0), (492.0, 3062.0), (866.0, 3062.0))": "채무불이행정보 총건수",
    "((1239.0, 3015.0), (1613.0, 3015.0), (1239.0, 3063.0), (1613.0, 3063.0))": "채무불이행정보 총 금액",
    "((1988.0, 3015.0), (2360.0, 3015.0), (1988.0, 3063.0), (2360.0, 3063.0))": "채무불이행정보 최근발생일",
    "((492.0, 3112.0), (865.0, 3112.0), (492.0, 3161.0), (865.0, 3161.0))": "대부업 총건수",
    "((866.0, 3113.0), (1241.0, 3113.0), (866.0, 3163.0), (1241.0, 3163.0))": "대부업 총금액",
    "((1614.0, 3112.0), (1987.0, 3112.0), (1614.0, 3161.0), (1987.0, 3161.0))": "캐피탈업계 총건수",
    "((1988.0, 3113.0), (2361.0, 3113.0), (1988.0, 3160.0), (2361.0, 3160.0))": "캐피탈업계 총금액",
    "((492.0, 3162.0), (865.0, 3162.0), (492.0, 3208.0), (865.0, 3208.0))": "백화점업계 총건수",
    "((867.0, 3163.0), (1240.0, 3163.0), (867.0, 3208.0), (1240.0, 3208.0))": "백화점업계 총금액",
    "((1614.0, 3162.0), (1987.0, 3162.0), (1614.0, 3210.0), (1987.0, 3210.0))": "자산관리회사 총건수",
    "((1989.0, 3161.0), (2362.0, 3161.0), (1989.0, 3213.0), (2362.0, 3213.0))": "자산관리회사 총금액"
}