{
    "((451, 557), (1245, 557), (451, 605), (1245, 605))": "은행명",
    "((382, 261), (1557, 261), (382, 340), (1557, 340))": "제목",
    "((451, 607), (1245, 607), (451, 654), (1245, 654))": "조회자 사번",
    "((1572, 558), (2362, 558), (1572, 655), (2362, 655))": "조회일시",
    "((451, 756), (1245, 756), (451, 814), (1245, 814))": "성명",
    "((450, 814), (1245, 814), (450, 867), (1245, 867))": "요청일자",
    "((450, 867), (1245, 867), (450, 925), (1245, 925))": "인증번호",
    "((1571, 758), (2365, 758), (1571, 812), (2365, 812))": "주민등록번호",
    "((1571, 813), (2366, 813), (1571, 867), (2366, 867))": "응답코드",
    "((1570, 867), (2365, 867), (1570, 926), (2365, 926))": "한신정 성명",
    "((1245, 926), (2365, 926), (1245, 981), (2365, 981))": "최종 주민등록번호",
    "((452, 1113), (1244, 1113), (452, 1165), (1244, 1165))": "신용평점",
    "((452, 1165), (1244, 1165), (452, 1219), (1244, 1219))": "등급별불량율",
    "((1570, 1114), (2362, 1114), (1570, 1165), (2362, 1165))": "신용등급",
    "((1570, 1164), (2363, 1164), (1570, 1219), (2363, 1219))": "누적순위",
    "((129, 1702), (442, 1702), (129, 1754), (442, 1754))": "사유구분 1",
    "((129, 1754), (441, 1754), (129, 1803), (441, 1803))": "사유구분2",
    "((128, 1804), (441, 1804), (128, 1856), (441, 1856))": "사유구분3",
    "((441, 1703), (668, 1703), (441, 1754), (668, 1754))": "사유코드1",
    "((442, 1753), (667, 1753), (442, 1803), (667, 1803))": "사유코드 2",
    "((440, 1803), (668, 1803), (440, 1855), (668, 1855))": "사유코드3",
    "((667, 1702), (1824, 1702), (667, 1754), (1824, 1754))": "사유설명 1",
    "((668, 1753), (1825, 1753), (668, 1804), (1825, 1804))": "사유설명 2",
    "((668, 1804), (1826, 1804), (668, 1854), (1826, 1854))": "사유설명 3"
}